, , 1

            Max Min     Mean        Var
TV        296.4 0.7 147.0425 7370.94989
Radio      49.6 0.0  23.2640  220.42774
Newspaper 114.0 0.3  30.5540  474.30833
Sales      27.0 1.6  14.0225   27.22185

                    X         TV       Radio   Newspaper       Sales
X          1.00000000 0.01771469 -0.11068044 -0.15494414 -0.05161625
TV         0.01771469 1.00000000  0.05480866  0.05664787  0.78222442
Radio     -0.11068044 0.05480866  1.00000000  0.35410375  0.57622257
Newspaper -0.15494414 0.05664787  0.35410375  1.00000000  0.22829903
Sales     -0.05161625 0.78222442  0.57622257  0.22829903  1.00000000
